7200	1
16
220
300	537
558	797	572
473	712	626	569
473	712	626	537	486
578	817	732	797	712	712
493	732	646	732	646	626	569
493	732	646	732	646	626	537	486
513	752	666	752	666	646	712	626	626
513	752	666	752	666	646	712	626	626	486
533	772	666	772	686	666	732	646	646	626	626
533	772	686	772	686	666	732	646	646	626	626	486
553	792	706	792	706	686	752	666	666	646	646	626	626
553	792	706	772	686	686	752	666	686	646	646	626	592	486
0.05
0.10
0.10
0.07
0.05
0.10
0.05
0.06
0.07
0.05
0.07
0.08
0.10
0.05